42447.0
42447.0
42447.0
42450.0
42450.0
42450.0
42450.0
42450.0
42450.0
42450.0
42450.0
42450.0
42450.0
42450.0
42450.0
42450.0
42450.0
42450.0
42450.0
42450.0
42450.0
42450.0
42450.0
42450.0
42450.0
42450.0
42450.0
42450.0
42450.0
42451.0
42451.0
42451.0
42451.0
42451.0
42451.0
42451.0
42451.0
42452.0
42452.0
42452.0
42452.0
42452.0
42452.0
42452.0
42452.0
42452.0
42452.0
42452.0
42452.0
42452.0
42452.0
42452.0
42452.0
42452.0
42452.0
42452.0
42452.0
42452.0
42452.0
42453.0
42453.0
42453.0
42453.0
42453.0
42453.0
42453.0
42453.0
42453.0
42453.0
42453.0
42453.0
42453.0
42453.0
42453.0
42453.0
42453.0
42453.0
42453.0
42453.0
42453.0
42453.0
42453.0
42453.0
42453.0
42453.0
42453.0
42453.0
42454.0
42457.0
42457.0
42457.0
42457.0
42457.0
42457.0
42457.0
42457.0
42457.0
42457.0
42457.0
42457.0
42458.0
42458.0
42458.0
42458.0
42458.0
42458.0
42458.0
42458.0
42458.0
42458.0
42458.0
42458.0
42458.0
42458.0
42458.0
42458.0
42458.0
42458.0
42458.0
42459.0
42459.0
42459.0
42459.0
42459.0
42459.0
42459.0
42459.0
42459.0
42459.0
42459.0
42459.0
42459.0
42460.0
42460.0
42460.0
42461.0
42461.0
42464.0
42464.0
42464.0
42464.0
42464.0
42464.0
42464.0
42464.0
42464.0
42464.0
42465.0
42465.0
42465.0
42465.0
42465.0
42465.0
42465.0
42465.0
42465.0
42465.0
42465.0
42465.0
42465.0
42465.0
42466.0
42466.0
42466.0
42466.0
42466.0
42466.0
42466.0
42466.0
42466.0
42466.0
42466.0
42466.0
42466.0
42466.0
42466.0
42466.0
42466.0
42466.0
42466.0
42466.0
42466.0
42466.0
42466.0
42466.0
42466.0
42466.0
42466.0
42466.0
42466.0
42466.0
42467.0
42467.0
42467.0
42467.0
42467.0
42467.0
42467.0
42467.0
42467.0
42467.0
42467.0
42467.0
42467.0
42467.0
42467.0
42467.0
42467.0
42467.0
42467.0
42467.0
42467.0
42467.0
42467.0
42467.0
42467.0
42467.0
42467.0
42467.0
42468.0
42468.0
42468.0
42468.0
42471.0
42471.0
42471.0
42471.0
42471.0
42471.0
42471.0
42471.0
42471.0
42471.0
42471.0
42471.0
42472.0
42472.0
42472.0
42472.0
42472.0
42472.0
42472.0
42472.0
42472.0
42472.0
42472.0
42472.0
42472.0
42472.0
42472.0
42472.0
42472.0
42472.0
42472.0
42472.0
42472.0
42472.0
42472.0
42472.0
42472.0
42473.0
42473.0
42473.0
42473.0
42473.0
42473.0
42473.0
42473.0
42473.0
42473.0
42473.0
42473.0
42473.0
42473.0
42473.0
42473.0
42473.0
42473.0
42473.0
42473.0
42473.0
42473.0
42473.0
42473.0
42473.0
42474.0
42474.0
42474.0
42474.0
42474.0
42474.0
42474.0
42474.0
42474.0
42474.0
42474.0
42474.0
42474.0
42474.0
42474.0
42474.0
42474.0
