42447.54
42447.54
42450.61
42450.75
42450.75
42450.79
42450.80
42450.80
42450.80
42450.82
42450.87
42450.87
42450.88
42450.88
42450.88
42451.52
42451.67
42451.68
42451.88
42452.52
42452.54
42452.56
42452.62
42452.66
42452.66
42452.66
42452.68
42452.68
42452.76
42452.81
42452.85
42453.51
42453.60
42453.63
42453.64
42453.64
42453.64
42453.64
42453.64
42453.64
42453.67
42453.70
42453.80
42453.81
42453.84
42453.87
42454.57
42457.53
42457.54
42457.59
42457.59
42457.62
42457.68
42458.47
42458.47
42458.47
42458.49
42458.50
42458.50
42458.50
42458.77
42458.79
42459.50
42459.56
42459.62
42459.70
42459.72
42459.77
42459.83
42460.52
42460.88
42461.54
42461.64
42464.54
42464.59
42464.62
42464.66
42464.74
42464.85
42465.53
42465.65
42465.71
42465.72
42465.77
42465.77
42465.87
42465.87
42466.49
42466.49
42466.49
42466.50
42466.50
42466.52
42466.52
42466.56
42466.57
42466.60
42466.61
42466.64
42466.67
42466.67
42466.67
42466.67
42466.67
42466.72
42466.73
42466.83
42466.83
42467.53
42467.56
42467.57
42467.60
42467.62
42467.66
42467.67
42467.67
42467.72
42467.77
42467.77
42467.77
42467.77
42467.79
42468.64
42468.72
42471.58
42471.61
42471.63
42471.67
42471.68
42471.75
42472.49
42472.50
42472.64
42472.67
42472.69
42472.69
42472.71
42472.71
42472.73
42472.74
42472.74
42472.75
42472.75
42472.77
42472.77
42472.77
42472.77
42472.78
42473.49
42473.49
42473.49
42473.49
42473.51
42473.52
42473.55
42473.55
42473.63
42473.63
42473.70
42473.71
42473.72
42473.80
42474.49
42474.49
42474.50
42474.51
42474.52
42474.52
42474.52
42474.57
42474.60
42474.70
42474.70
42474.77
42474.80
